%YAML:1.0

#common parameters
imu_topic: "/imu/data/"
image_topic: "/rc1/camera_1/image_raw"
output_path: "/home/subt/Desktop"

#camera calibration 
# model_type: PINHOLE
# camera_name: camera
# image_width: 1280
# image_height: 960
# distortion_parameters:
#    k1: 0.01792688839737692
#    k2: -0.02626085267295036
#    p1: 0.04389057152862129
#    p2: -0.018593900927459682
# projection_parameters:
#    fx: 600.0613594650991
#    fy: 534.9823717408061 
#    cx: 638.5195307362584
#    cy: 476.3091832554046

#camera calibration 
model_type: MEI
camera_name: camera
image_width: 1280
image_height: 960
mirror_parameters:
   xi: 1.7750950915564576
distortion_parameters:
   k1: -0.09716448223569243
   k2: 0.1141129534612113
   p1: -0.0006436604547249624
   p2: -0.007775160154485692
projection_parameters:
   gamma1: 840.3661260988898
   gamma2: 751.8966265779078
   u0: 643.6205152413472
   v0: 468.4845959332948


# Extrinsic parameter between IMU and Camera.
estimate_extrinsic: 0   # 0  Have an accurate extrinsic parameters. We will trust the following imu^R_cam, imu^T_cam, don't change it.
                        # 1  Have an initial guess about extrinsic parameters. We will optimize around your initial guess.
                        # 2  Don't know anything about extrinsic parameters. You don't need to give R,T. We will try to calibrate it. Do some rotation movement at beginning.                        
#If you choose 0 or 1, you should write down the following matrix.
#Rotation from camera frame to imu frame, imu^R_cam
extrinsicRotation: !!opencv-matrix
   rows: 3
   cols: 3
   dt: d
   data: [ -9.9985560124058459e-01, -1.5586934864883988e-02,
       -6.7693522103760822e-03, -1.5436429066125672e-02,
       9.9964439677155092e-01, -2.1743887898177865e-02,
       7.1058655712538006e-03, -2.1636253482521395e-02,
       -9.9974065597520068e-01 ]
extrinsicTranslation: !!opencv-matrix
   rows: 3
   cols: 1
   dt: d
   data: [ -1.4515182384962866e-01, -6.9284115443611183e-02,
       -5.6738709154149310e-02 ]
#feature traker paprameters
max_cnt: 150            # max feature number in feature tracking
min_dist: 15            # min distance between two features 
freq: 10                # frequence (Hz) of publish tracking result. At least 10Hz for good estimation. If set 0, the frequence will be same as raw image 
F_threshold: 1.0        # ransac threshold (pixel)
show_track: 1           # publish tracking image as topic
equalize: 1             # if image is too dark or light, trun on equalize to find enough features
fisheye: 1             # if using fisheye, trun on it. A circle mask will be loaded to remove edge noisy points

#optimization parameters
max_solver_time: 0.04  # max solver itration time (ms), to guarantee real time
max_num_iterations: 8   # max solver itrations, to guarantee real time
keyframe_parallax: 10.0 # keyframe selection threshold (pixel)

#imu parameters       The more accurate parameters you provide, the better performance
acc_n: 0.08          # accelerometer measurement noise standard deviation. #0.2   0.04
gyr_n: 0.004         # gyroscope measurement noise standard deviation.     #0.05  0.004
acc_w: 0.00004         # accelerometer bias random work noise standard deviation.  #0.02
gyr_w: 2.0e-6       # gyroscope bias random work noise standard deviation.     #4.0e-5
g_norm: 9.81007     # gravity magnitude

#loop closure parameters
loop_closure: 1                    # start loop closure
load_previous_pose_graph: 0        # load and reuse previous pose graph; load from 'pose_graph_save_path'
fast_relocalization: 0             # useful in real-time and large project
pose_graph_save_path: "/home/shaozu/output/pose_graph/" # save and load path

#unsynchronization parameters
estimate_td: 1                      # online estimate time offset between camera and imu
#td: -0.0753894533507                             # initial value of time offset. unit: s. readed image clock + td = real image clock (IMU clock)
td: -0.00331374050629
#rolling shutter parameters
rolling_shutter: 0                  # 0: global shutter camera, 1: rolling shutter camera
rolling_shutter_tr: 0               # unit: s. rolling shutter read out time per frame (from data sheet). 

#visualization parameters
save_image: 1                   # save image in pose graph for visualization prupose; you can close this function by setting 0 
visualize_imu_forward: 0        # output imu forward propogation to achieve low latency and high frequence results
visualize_camera_size: 0.4      # size of camera marker in RVIZ
